  6.5800000e+002  1.2976500e+002  7.3086000e+001
  6.4400000e+002  1.2880400e+002 -4.0124000e+001
  6.5800000e+002  1.3252800e+002 -2.4321000e+001
  6.8200000e+002  1.3418000e+002 -9.7530000e+000
  7.1400000e+002  1.3521600e+002 -1.2350000e+000
  7.2600000e+002  1.3450100e+002  6.0000000e+001
  7.1600000e+002  1.3346500e+002 -1.2840000e+001
  7.1000000e+002  1.3521600e+002 -3.6296000e+001
  7.2000000e+002  1.3652300e+002 -2.3210000e+001
  7.3400000e+002  1.3647400e+002  3.2346000e+001
  7.3800000e+002  1.3524000e+002 -1.9259000e+001
  7.4800000e+002  1.3630100e+002  2.0000000e+001
  7.3800000e+002  1.3501800e+002  5.0617000e+001
  7.2600000e+002  1.3455000e+002 -3.7037000e+001
  7.4600000e+002  1.3704000e+002 -3.0864000e+001
  7.5800000e+002  1.3787900e+002  1.4815000e+001
  7.4400000e+002  1.3667100e+002  5.1111000e+001
  7.3600000e+002  1.3482100e+002 -9.3830000e+000
  7.3400000e+002  1.3679400e+002 -3.5309000e+001
  7.4600000e+002  1.3817500e+002 -1.5803000e+001
  7.6000000e+002  1.3716400e+002  4.8642000e+001
  7.5200000e+002  1.3521600e+002  5.7284000e+001
  7.2800000e+002  1.3499400e+002 -2.8642000e+001
  7.3000000e+002  1.3792900e+002 -3.3333000e+001
  7.5000000e+002  1.3889000e+002 -3.1358000e+001
  7.7000000e+002  1.3926000e+002  3.7160000e+001
  7.5800000e+002  1.3746000e+002  4.0000000e+001
  7.4600000e+002  1.3674500e+002 -3.8272000e+001
  7.5200000e+002  1.3923500e+002 -3.7778000e+001
  7.5600000e+002  1.3953200e+002  7.4070000e+000
  7.5000000e+002  1.3755900e+002  7.1234000e+001
  7.3000000e+002  1.3548700e+002 -7.6540000e+000
  7.0800000e+002  1.3829900e+002 -3.7778000e+001
  6.8000000e+002  1.4046800e+002 -3.4198000e+001
  6.9400000e+002  1.4034500e+002 -1.6296000e+001
  7.0000000e+002  1.4000000e+002  7.0123000e+001
  7.0400000e+002  1.3820000e+002  4.1975000e+001
  6.8800000e+002  1.3985200e+002 -4.0124000e+001
  7.1200000e+002  1.4096200e+002 -3.6173000e+001
  7.4600000e+002  1.4138100e+002 -7.0370000e+000
  7.3600000e+002  1.3874200e+002  5.1975000e+001
  7.2800000e+002  1.3598000e+002  4.1728000e+001
  7.0600000e+002  1.3504300e+002 -2.8148000e+001
  7.0400000e+002  1.3726200e+002 -4.0617000e+001
  7.2000000e+002  1.3797800e+002 -3.4568000e+001
  7.4800000e+002  1.3726200e+002  4.5926000e+001
  7.3000000e+002  1.3405700e+002  6.4568000e+001
  6.9600000e+002  1.3188700e+002 -2.5062000e+001
  6.7600000e+002  1.3484600e+002 -4.3333000e+001
  6.8800000e+002  1.3607900e+002 -3.0124000e+001
  7.1200000e+002  1.3701600e+002  3.0741000e+001
  7.1200000e+002  1.3504300e+002  4.5432000e+001
  6.9800000e+002  1.3373600e+002 -3.2840000e+001
  7.0200000e+002  1.3659700e+002 -3.5926000e+001
  7.2600000e+002  1.3706500e+002 -1.5556000e+001
  7.1800000e+002  1.3647400e+002  4.2963000e+001
  7.1200000e+002  1.3368700e+002  5.0370000e+001
  6.9200000e+002  1.3213300e+002 -2.6420000e+001
  6.8400000e+002  1.3504300e+002 -3.4568000e+001
  6.9400000e+002  1.3524000e+002 -8.6420000e+000
  6.8800000e+002  1.3474700e+002 -1.2593000e+001
  6.6000000e+002  1.3341500e+002 -1.3087000e+001
  6.6400000e+002  1.3080200e+002  6.2099000e+001
  6.6600000e+002  1.3048100e+002 -1.5432000e+001
  6.8800000e+002  1.3351400e+002 -1.8766000e+001
  7.1800000e+002  1.3489500e+002  4.9630000e+001
  7.2600000e+002  1.3363800e+002  5.5185000e+001
  7.2200000e+002  1.3376100e+002 -3.8889000e+001
  7.4600000e+002  1.3588200e+002 -3.8519000e+001
  7.6400000e+002  1.3558600e+002  4.9753000e+001
  7.4400000e+002  1.3164000e+002  5.4568000e+001
  6.8600000e+002  1.2865600e+002  5.5309000e+001
  6.5800000e+002  1.3003700e+002 -4.1729000e+001
  6.5000000e+002  1.3410600e+002 -3.9383000e+001
  6.8600000e+002  1.3489500e+002 -3.1729000e+001
  7.4400000e+002  1.3649800e+002 -1.7778000e+001
  7.6400000e+002  1.3625100e+002  4.7901000e+001
  7.4000000e+002  1.3356300e+002  5.2592000e+001
  7.0600000e+002  1.3395800e+002 -3.7284000e+001
  7.1400000e+002  1.3583200e+002 -3.8395000e+001
  7.3400000e+002  1.3672000e+002 -2.5432000e+001
  7.4800000e+002  1.3570900e+002  5.5309000e+001
  7.4000000e+002  1.3257700e+002  5.5802000e+001
  7.0600000e+002  1.3233000e+002 -3.9259000e+001
  7.1800000e+002  1.3531400e+002 -3.4198000e+001
  7.4200000e+002  1.3553600e+002 -1.2222000e+001
  7.5400000e+002  1.3447600e+002  4.9506000e+001
  7.3600000e+002  1.3183700e+002  4.6543000e+001
  7.0400000e+002  1.3156600e+002 -3.3704000e+001
  7.1000000e+002  1.3529000e+002 -4.0370000e+001
  7.4200000e+002  1.3706500e+002 -2.9630000e+001
  7.6400000e+002  1.3718900e+002  3.4938000e+001
  7.5400000e+002  1.3455000e+002  4.7407000e+001
  7.3000000e+002  1.3262700e+002 -1.9383000e+001
  7.1400000e+002  1.3524000e+002 -3.6049000e+001
  7.2200000e+002  1.3607900e+002 -2.4815000e+001
  7.3800000e+002  1.3615300e+002  3.6667000e+001
  7.3200000e+002  1.3420400e+002  5.1234000e+001
  7.0800000e+002  1.3326800e+002  5.6049000e+001
  6.8000000e+002  1.3435300e+002 -3.6790000e+001
  6.8000000e+002  1.3755900e+002 -4.3580000e+001
  7.2400000e+002  1.3802700e+002 -3.5679000e+001
  7.5200000e+002  1.3780500e+002 -7.9010000e+000
  7.5800000e+002  1.3506800e+002  4.7654000e+001
  7.3600000e+002  1.3176300e+002  4.8395000e+001
  7.0800000e+002  1.3109700e+002 -7.4100000e-001
  6.8800000e+002  1.3238000e+002 -4.4691000e+001
  7.0200000e+002  1.3450100e+002 -3.4815000e+001
  7.4600000e+002  1.3519100e+002 -3.1729000e+001
  7.4800000e+002  1.3556100e+002  4.4444000e+001
  7.3800000e+002  1.3358800e+002 -3.4570000e+000
  6.8400000e+002  1.3410600e+002  3.8270000e+000
  6.7000000e+002  1.3351400e+002 -1.7531000e+001
  6.9600000e+002  1.3580700e+002 -1.3580000e+001
  7.1000000e+002  1.3632600e+002  5.6296000e+001
  7.2800000e+002  1.3479600e+002  4.5926000e+001
  7.0800000e+002  1.3632600e+002 -4.1975000e+001
  7.3800000e+002  1.3805200e+002 -3.0370000e+001
  7.6600000e+002  1.3750900e+002 -1.3704000e+001
  7.9400000e+002  1.3556100e+002  3.1975000e+001
  7.6800000e+002  1.3238000e+002  5.6296000e+001
  7.1800000e+002  1.3006200e+002 -2.5679000e+001
  7.0600000e+002  1.3284800e+002 -3.7531000e+001
  7.1000000e+002  1.3484600e+002 -2.2469000e+001
  7.2000000e+002  1.3519100e+002  5.7778000e+001
  7.1600000e+002  1.3378500e+002  5.8765000e+001
  6.9000000e+002  1.3479600e+002 -3.7778000e+001
  6.9400000e+002  1.3847100e+002 -3.8025000e+001
  7.2800000e+002  1.3977800e+002 -3.5185000e+001
  7.6000000e+002  1.3943300e+002  1.0988000e+001
  7.5200000e+002  1.3726200e+002  5.9506000e+001
  7.1600000e+002  1.3420400e+002 -3.9383000e+001
  7.2000000e+002  1.3686800e+002 -3.2593000e+001
  7.3800000e+002  1.3746000e+002  1.3580000e+000
  7.3200000e+002  1.3538800e+002  4.9012000e+001
  7.2200000e+002  1.3346500e+002  3.6173000e+001
  6.9200000e+002  1.3420400e+002 -3.9753000e+001
  6.9400000e+002  1.3723800e+002 -3.6790000e+001
  7.1400000e+002  1.3827300e+002 -1.8025000e+001
  7.2600000e+002  1.3844600e+002  4.7901000e+001
  7.2800000e+002  1.3583200e+002  5.0123000e+001
  7.0000000e+002  1.3496900e+002 -1.2099000e+001
  6.8800000e+002  1.3642400e+002 -3.6173000e+001
  7.0400000e+002  1.3805200e+002 -3.1358000e+001
  7.3400000e+002  1.3750900e+002 -1.1235000e+001
  7.5600000e+002  1.3630100e+002  3.1358000e+001
  7.4800000e+002  1.3358800e+002  5.1111000e+001
  7.2400000e+002  1.3400700e+002 -4.0741000e+001
  7.1600000e+002  1.3457400e+002 -3.4074000e+001
  7.3200000e+002  1.3400700e+002 -8.8890000e+000
  7.2200000e+002  1.3272500e+002  6.1234000e+001
  6.9400000e+002  1.2988900e+002  5.7284000e+001
  6.6600000e+002  1.3090000e+002 -7.9010000e+000
  6.4600000e+002  1.3496900e+002 -4.3704000e+001
  6.3600000e+002  1.3622700e+002 -3.2346000e+001
  6.5000000e+002  1.3635000e+002 -1.0988000e+001
  6.8400000e+002  1.3691700e+002  2.8148000e+001
  7.0400000e+002  1.3718900e+002 -1.7037000e+001
  7.6400000e+002  1.3918600e+002 -1.1975000e+001
  7.9200000e+002  1.3815000e+002  5.3704000e+001
  7.8800000e+002  1.3398300e+002  5.0123000e+001
  7.4200000e+002  1.3353900e+002 -4.1482000e+001
  7.5000000e+002  1.3472300e+002 -3.5556000e+001
  7.5800000e+002  1.3393300e+002  1.3333000e+001
  7.3400000e+002  1.3092500e+002  5.6667000e+001
  7.1000000e+002  1.2868100e+002  2.2716000e+001
  6.8800000e+002  1.3053000e+002 -3.9753000e+001
  6.9800000e+002  1.3312000e+002 -2.8395000e+001
  7.3800000e+002  1.3422900e+002 -1.2593000e+001
  7.5200000e+002  1.3390900e+002  5.9012000e+001
  7.4200000e+002  1.3176300e+002 -2.2963000e+001
  7.6000000e+002  1.3430300e+002 -3.5803000e+001
  7.7600000e+002  1.3556100e+002  4.1970000e+000
  7.6800000e+002  1.3390900e+002  5.0864000e+001
  7.5200000e+002  1.3203500e+002 -1.7037000e+001
  7.4400000e+002  1.3489500e+002 -3.8272000e+001
  7.5400000e+002  1.3639900e+002 -2.0247000e+001
  7.5200000e+002  1.3533900e+002  4.3951000e+001
  7.4000000e+002  1.3168900e+002  4.1111000e+001
  7.3000000e+002  1.3316900e+002 -3.6790000e+001
  7.3800000e+002  1.3526500e+002 -3.4074000e+001
  7.5600000e+002  1.3529000e+002  1.9753000e+001
  7.3000000e+002  1.3282400e+002  5.2346000e+001
  7.1600000e+002  1.3038200e+002 -1.4938000e+001
  7.0200000e+002  1.3351400e+002 -3.0988000e+001
  7.2400000e+002  1.3474700e+002 -2.9877000e+001
  7.4800000e+002  1.3477200e+002  3.1111000e+001
  7.5400000e+002  1.3201000e+002  5.0370000e+001
  7.2800000e+002  1.3050500e+002 -3.0864000e+001
  7.2600000e+002  1.3334100e+002 -2.8519000e+001
  7.1800000e+002  1.3435300e+002 -1.5062000e+001
  6.8000000e+002  1.3484600e+002 -1.5556000e+001
  6.9200000e+002  1.3408100e+002  5.1234000e+001
  6.9600000e+002  1.3238000e+002  4.5926000e+001
  6.9400000e+002  1.3450100e+002 -3.6173000e+001
  7.2400000e+002  1.3770700e+002 -3.2346000e+001
  7.6000000e+002  1.3874200e+002  1.0000000e+001
  7.4600000e+002  1.3580700e+002  4.8518000e+001
  7.3800000e+002  1.3312000e+002  2.2716000e+001
  7.1600000e+002  1.3445100e+002 -3.7531000e+001
  7.3000000e+002  1.3583200e+002 -3.1975000e+001
  7.3600000e+002  1.3496900e+002 -6.7900000e+000
  7.3200000e+002  1.3257700e+002  4.5062000e+001
  7.1400000e+002  1.3011100e+002  3.9506000e+001
  6.9400000e+002  1.3151700e+002 -3.9506000e+001
  7.0000000e+002  1.3410600e+002 -3.2840000e+001
  7.1400000e+002  1.3459900e+002 -8.8890000e+000
  7.2600000e+002  1.3390900e+002  1.7654000e+001
  7.3200000e+002  1.3275000e+002  4.9380000e+000
  7.1600000e+002  1.3390900e+002 -3.4074000e+001
  7.3800000e+002  1.3669600e+002 -4.0000000e+001
  7.5800000e+002  1.3778000e+002  3.6296000e+001
  7.5800000e+002  1.3489500e+002  4.9753000e+001
  7.1800000e+002  1.3292200e+002  4.5679000e+001
  6.8200000e+002  1.3386000e+002  4.1975000e+001
  6.8400000e+002  1.3546300e+002 -3.5062000e+001
  7.6000000e+002  1.3750900e+002 -4.3951000e+001
  8.2400000e+002  1.3824900e+002 -4.7778000e+001
  8.5400000e+002  1.3602900e+002 -2.9877000e+001
  8.2000000e+002  1.3275000e+002  4.7654000e+001
  7.5600000e+002  1.2720100e+002  4.4321000e+001
  7.2800000e+002  1.2596800e+002  4.4321000e+001
  6.8800000e+002  1.2766900e+002  3.7037000e+001
  6.7000000e+002  1.2984000e+002 -1.8766000e+001
  7.0600000e+002  1.3213300e+002 -2.6667000e+001
  7.9800000e+002  1.3455000e+002 -3.8642000e+001
  8.3800000e+002  1.3536400e+002  1.7037000e+001
  8.0200000e+002  1.3151700e+002  5.7531000e+001
  7.4600000e+002  1.2818800e+002 -3.8519000e+001
  7.5000000e+002  1.3188700e+002 -3.5803000e+001
  7.6000000e+002  1.3316900e+002  4.9383000e+001
  7.5800000e+002  1.3067800e+002  4.8395000e+001
  7.4600000e+002  1.3136800e+002 -4.0000000e+001
  7.7000000e+002  1.3405700e+002 -3.2593000e+001
  7.8000000e+002  1.3381000e+002  2.0247000e+001
  7.5400000e+002  1.3085100e+002  5.1111000e+001
  7.3800000e+002  1.2910000e+002  4.3951000e+001
  7.1600000e+002  1.3129500e+002 -4.2222000e+001
  7.1000000e+002  1.3435300e+002 -3.7037000e+001
  7.3600000e+002  1.3553600e+002 -1.6049000e+001
  7.5200000e+002  1.3548700e+002  4.2222000e+001
  7.5400000e+002  1.3373600e+002  1.0123000e+001
  7.5200000e+002  1.3531400e+002 -3.8025000e+001
  7.7800000e+002  1.3691700e+002 -1.3210000e+001
  7.6800000e+002  1.3553600e+002  4.6420000e+001
  7.6600000e+002  1.3203500e+002  3.7531000e+001
  7.4800000e+002  1.3336600e+002 -4.0741000e+001
  7.6200000e+002  1.3568400e+002 -3.1111000e+001
  7.6800000e+002  1.3558600e+002  3.0000000e+001
  7.5600000e+002  1.3331700e+002  5.7531000e+001
  7.3600000e+002  1.3201000e+002 -1.0617000e+001
  7.2600000e+002  1.3573400e+002 -2.8395000e+001
  7.5600000e+002  1.3800200e+002 -7.9010000e+000
  7.3600000e+002  1.3921100e+002 -1.5062000e+001
  6.9200000e+002  1.3795300e+002  1.2592000e+001
  6.9400000e+002  1.3598000e+002  6.0000000e+001
  6.7800000e+002  1.3420400e+002 -2.8642000e+001
  6.7400000e+002  1.3822400e+002 -3.9012000e+001
  7.1800000e+002  1.3916200e+002 -2.8395000e+001
  7.5400000e+002  1.3864300e+002  3.4321000e+001
  7.7600000e+002  1.3506800e+002  5.3333000e+001
  7.6800000e+002  1.3255200e+002 -3.7408000e+001
  7.6800000e+002  1.3329200e+002 -2.4691000e+001
  7.5200000e+002  1.3159000e+002  4.5432000e+001
  7.3800000e+002  1.2838500e+002  1.3457000e+001
  7.5000000e+002  1.2959300e+002 -3.8272000e+001
  7.6000000e+002  1.3203500e+002 -2.0864000e+001
  7.4800000e+002  1.3166500e+002  4.5185000e+001
  7.4000000e+002  1.2991400e+002  4.6296000e+001
  7.2400000e+002  1.3114700e+002 -3.4815000e+001
  7.2600000e+002  1.3622700e+002 -3.3580000e+001
  7.3800000e+002  1.3746000e+002  1.1111000e+001
  7.4400000e+002  1.3679400e+002  4.5185000e+001
  7.3800000e+002  1.3533900e+002 -3.5309000e+001
  7.7000000e+002  1.3842200e+002 -3.0864000e+001
  7.7800000e+002  1.3792900e+002  2.6173000e+001
  7.6600000e+002  1.3427900e+002  4.1728000e+001
  7.2800000e+002  1.3213300e+002 -2.0247000e+001
  7.1000000e+002  1.3548700e+002 -3.1605000e+001
  7.2200000e+002  1.3625100e+002 -2.8148000e+001
  7.3600000e+002  1.3642400e+002 -7.9010000e+000
  7.2600000e+002  1.3504300e+002  5.4691000e+001
  7.1000000e+002  1.3312000e+002  2.4074000e+001
  6.9000000e+002  1.3501800e+002 -3.6049000e+001
  7.0000000e+002  1.3736100e+002 -3.4815000e+001
  7.2800000e+002  1.3849600e+002 -8.5190000e+000
  7.2400000e+002  1.3721300e+002  4.6913000e+001
  7.2200000e+002  1.3457400e+002  4.5679000e+001
  6.9000000e+002  1.3590600e+002 -3.7531000e+001
  7.0000000e+002  1.3837200e+002 -3.1605000e+001
  7.1600000e+002  1.3923500e+002  9.8760000e+000
  7.4200000e+002  1.3746000e+002  4.5679000e+001
  7.4200000e+002  1.3568400e+002  4.0494000e+001
  7.1800000e+002  1.3630100e+002 -4.2593000e+001
  7.1600000e+002  1.3676900e+002 -3.1111000e+001
  7.1600000e+002  1.3521600e+002 -9.1360000e+000
  6.6400000e+002  1.2976500e+002 -1.1358000e+001
  6.6200000e+002  1.2858200e+002 -3.3333000e+001
  6.8200000e+002  1.3082600e+002 -3.5309000e+001
  7.2000000e+002  1.3080200e+002  2.0988000e+001
