  6.5088405e+002  1.4847403e+002  1.9909464e+001
  6.3583408e+002  1.4603233e+002 -7.5978176e+001
  6.3279702e+002  1.4992557e+002 -3.2488454e+001
  6.3576783e+002  1.5031824e+002  3.6501113e+001
  6.2875144e+002  1.4627599e+002 -3.7906494e+001
  6.1773616e+002  1.4587909e+002 -4.5466286e+001
  6.1670364e+002  1.4962188e+002  3.3562137e+001
  6.0965215e+002  1.4616560e+002 -1.2293511e+001
  6.1056995e+002  1.4645248e+002 -5.5207657e+001
  6.1145856e+002  1.5231100e+002  1.8573177e+001
  6.1831945e+002  1.5003693e+002  5.8308958e+001
  6.1916408e+002  1.4808648e+002 -1.9884087e+001
  6.1199384e+002  1.5141239e+002 -7.0211281e+001
  6.1679678e+002  1.5753021e+002 -1.9176502e+001
  6.2558091e+002  1.5744813e+002  1.8738309e+001
  6.0236087e+002  1.5249903e+002  6.0138342e+001
  5.9909797e+002  1.4410264e+002 -7.3424402e+001
  5.9178675e+002  1.5207598e+002 -6.5135529e+001
  6.0841503e+002  1.5295134e+002  4.3781778e+001
  6.1301054e+002  1.4717617e+002  6.7833046e+001
  6.0358093e+002  1.4120185e+002 -4.9239639e+001
  5.9411048e+002  1.4685442e+002 -7.0346398e+001
  5.9658340e+002  1.5196230e+002 -2.0462409e+001
  5.9500383e+002  1.4913601e+002  6.0991467e+001
  5.9536913e+002  1.4251184e+002 -3.3258011e+001
  5.8567990e+002  1.4648273e+002 -5.9416928e+001
  5.8991999e+002  1.5193033e+002 -5.1828812e+000
  5.9809649e+002  1.4993569e+002  5.5954520e+001
  6.1022300e+002  1.4582150e+002  3.8664170e+001
  6.0431975e+002  1.4836290e+002 -6.0291748e+001
  6.1637689e+002  1.5425713e+002 -4.0585159e+001
  6.3641452e+002  1.5582101e+002  4.9669779e+001
  6.4646604e+002  1.5162615e+002  5.8399492e+001
  6.4254819e+002  1.4921255e+002 -5.8700470e+001
  6.4665446e+002  1.5276820e+002 -3.8493275e+001
  6.5279167e+002  1.5430901e+002 -1.2673243e+001
  6.3497007e+002  1.5038456e+002  5.5098659e+001
  6.0715994e+002  1.4256631e+002  3.8022384e+001
  5.9731494e+002  1.3986822e+002 -6.2202528e+001
  5.9541866e+002  1.4800680e+002 -3.7841119e+001
  5.9546794e+002  1.4938761e+002 -7.0578727e-001
  6.0546286e+002  1.4499896e+002  6.6549361e+001
  6.0742008e+002  1.4134353e+002 -5.0283584e+001
  6.0334286e+002  1.4628422e+002 -4.2510343e+001
  6.0722440e+002  1.5025928e+002  9.8800399e+000
  6.1307118e+002  1.4809633e+002  6.8705881e+001
  6.1089294e+002  1.4418176e+002  4.0977225e+001
  6.0068605e+002  1.4620404e+002 -3.4587145e+001
  6.1243350e+002  1.5335156e+002 -1.1445168e+001
  6.3615487e+002  1.5471221e+002  5.9576726e+001
  6.5188968e+002  1.5243228e+002 -5.6711093e+001
  6.8366418e+002  1.5491995e+002 -4.6922439e+001
  7.0753131e+002  1.5662838e+002  5.6859003e+001
  7.0753085e+002  1.5018841e+002 -3.5314799e+001
  7.0166280e+002  1.4772131e+002 -3.7180466e+001
  6.9191739e+002  1.4821196e+002  3.7680891e+001
  6.6227837e+002  1.4137820e+002  5.5566042e+001
  6.4269634e+002  1.3591361e+002 -5.8804205e+001
  6.2513866e+002  1.4179611e+002 -2.1175467e+001
  6.2157608e+002  1.4167548e+002  6.0612970e+001
  6.1400265e+002  1.3715454e+002 -2.4906579e+001
  6.0440576e+002  1.3914875e+002 -4.6271647e+001
  6.0276940e+002  1.4583842e+002  1.8703157e+001
  6.0709085e+002  1.4443471e+002  5.0868125e+001
  6.0537731e+002  1.4243229e+002 -3.3921134e+001
  6.0362593e+002  1.4697980e+002 -3.8769937e+001
  6.1583379e+002  1.5206684e+002  4.1006636e+001
  6.3002123e+002  1.4986187e+002  5.3195545e+001
  6.2821190e+002  1.4726323e+002 -2.7615895e+001
  6.2040279e+002  1.4949559e+002 -5.0820369e+001
  6.3858087e+002  1.5513366e+002 -3.2877552e+001
  6.5677646e+002  1.5580184e+002  3.4268461e+001
  6.6901986e+002  1.5066124e+002  5.8258580e+001
  6.5733149e+002  1.4749831e+002 -4.9754211e+001
  6.4969187e+002  1.4951176e+002 -3.4394934e+001
  6.5608826e+002  1.5310594e+002 -3.7869902e+000
  6.3253132e+002  1.4908687e+002  6.5331634e+001
  6.1698180e+002  1.4102482e+002 -3.4331863e+001
  6.0141378e+002  1.4350437e+002 -4.9610589e+001
  6.0580131e+002  1.4945465e+002 -2.7936006e+001
  6.1215170e+002  1.4867258e+002  6.1343008e+001
  6.0847554e+002  1.4244085e+002  6.5538252e+001
  5.9676670e+002  1.4073807e+002 -5.4604281e+001
  5.9100566e+002  1.4730642e+002 -5.5086829e+001
  5.9518283e+002  1.5417083e+002 -9.2431966e+000
  6.0530516e+002  1.5317674e+002  6.2262022e+001
  6.1138954e+002  1.4967551e+002 -1.9329966e+000
  6.0944608e+002  1.5211929e+002 -5.7245245e+001
  6.2347157e+002  1.5851516e+002 -2.3271911e+001
  6.5148937e+002  1.5826877e+002  5.9302629e+001
  6.6954618e+002  1.5448772e+002 -6.9150011e+000
  6.5767209e+002  1.5313371e+002 -5.2405165e+001
  6.6184732e+002  1.5610347e+002 -1.2552678e+001
  6.7807882e+002  1.5346296e+002  6.3572880e+001
  6.6639365e+002  1.4676178e+002  4.9432384e+001
  6.4677233e+002  1.4582776e+002 -6.0429733e+001
  6.4118215e+002  1.5041434e+002 -3.8296573e+001
  6.4561381e+002  1.5150216e+002  9.2659750e+001
  6.4007469e+002  1.4381504e+002 -9.8115012e+000
  6.2655555e+002  1.4568917e+002 -5.8474113e+001
  6.3503386e+002  1.5150467e+002  2.3627810e+001
  6.4152376e+002  1.5041923e+002  7.0212105e+001
  6.4003606e+002  1.4608305e+002  3.9380411e+001
  6.2656828e+002  1.4805489e+002 -6.8671656e+001
  6.3109798e+002  1.5456504e+002 -4.3013184e+001
  6.3963270e+002  1.5585636e+002 -1.0021408e+001
  6.4418667e+002  1.5232600e+002 -1.0134343e+001
  6.3276748e+002  1.4929607e+002 -1.0266177e+001
  6.2335609e+002  1.4266652e+002  5.5088712e+000
  6.0993683e+002  1.4416530e+002  7.8081093e+001
  5.9848732e+002  1.3668091e+002  4.4485441e+001
  5.9698848e+002  1.4367788e+002 -6.1384076e+001
  5.9343782e+002  1.5199786e+002 -2.8592908e+001
  6.0582942e+002  1.5188974e+002  6.2174598e+001
  6.1018393e+002  1.5045531e+002  6.2795719e+001
  6.1450861e+002  1.5247720e+002 -6.0431508e+001
  6.2281066e+002  1.5657678e+002  2.9449538e+001
  6.2910392e+002  1.5743487e+002  6.7525659e+001
  6.2239889e+002  1.4375791e+002 -3.4781686e+001
  6.1768438e+002  1.4487010e+002 -5.8384009e+001
  6.2195253e+002  1.4982329e+002 -1.8875646e+001
  6.2821048e+002  1.4831774e+002  8.3809250e+001
  6.2646863e+002  1.4182995e+002 -1.6084181e+001
  6.1472409e+002  1.4361709e+002 -5.8845426e+001
  6.1495729e+002  1.4899716e+002 -9.8557555e+000
  6.0316861e+002  1.4843410e+002 -3.4587519e+001
  5.9733840e+002  1.4461699e+002  1.1978064e+001
  6.0345695e+002  1.4318447e+002  5.7821601e+001
  6.0353446e+002  1.3848814e+002  8.3636501e+001
  5.9757106e+002  1.3851017e+002 -7.2881214e+001
  5.9355680e+002  1.4630862e+002 -4.6188405e+001
  5.9548499e+002  1.5020646e+002 -7.2295852e+000
  6.1135886e+002  1.5006321e+002 -1.3963823e+001
  6.2720485e+002  1.4984862e+002  6.3227659e+001
  6.2504938e+002  1.4850233e+002  6.1510512e+001
  6.2288885e+002  1.4949809e+002 -6.3070126e+001
  6.2471966e+002  1.5335758e+002 -2.6521888e+001
  6.3254487e+002  1.5357422e+002  5.8374138e+001
  6.3837752e+002  1.4778237e+002  6.8304447e+001
  6.2822732e+002  1.4687238e+002 -4.0172412e+001
  6.1807736e+002  1.5143373e+002 -6.0076233e+001
  6.2191072e+002  1.5753003e+002 -4.4403188e+001
  6.3773380e+002  1.5634143e+002  6.2548423e+000
  6.4957296e+002  1.4973995e+002  6.7169290e+001
  6.3744793e+002  1.4373360e+002  5.4365678e+001
  6.2733852e+002  1.4506836e+002 -5.6126332e+001
  6.2122786e+002  1.5226545e+002 -4.6713894e+001
  6.2510578e+002  1.5394588e+002 -9.2333212e+000
  6.1297873e+002  1.5080143e+002 -3.2264145e+001
  6.0482651e+002  1.4450388e+002 -7.4497501e+000
  6.0863553e+002  1.3815072e+002  3.7350220e+001
  6.0641213e+002  1.3829137e+002 -3.5690567e+001
  6.0215262e+002  1.4167006e+002  6.1825154e+001
  6.0584989e+002  1.3926642e+002  1.6847908e+001
  6.0351010e+002  1.3983145e+002 -4.4151266e+001
  6.0512936e+002  1.4590708e+002  3.7735967e+001
  6.1071036e+002  1.4420945e+002  7.9191085e+001
  6.1226241e+002  1.4299773e+002 -2.2434820e+001
  6.0378808e+002  1.4705488e+002 -3.1013124e+001
  6.0727327e+002  1.5313069e+002 -1.0015125e+001
  6.0472377e+002  1.5492426e+002 -3.8418826e+001
  6.0213534e+002  1.5485460e+002 -3.4296566e+001
  6.1950367e+002  1.5149059e+002 -1.0479476e+001
  6.3285769e+002  1.4916761e+002  6.0725141e+001
  6.3621967e+002  1.4418180e+002  7.9435959e+001
  6.2359521e+002  1.4185285e+002 -5.8264838e+001
  6.1696327e+002  1.4789788e+002 -3.4831752e+001
  6.3231280e+002  1.4920696e+002  6.6073274e+001
  6.3966938e+002  1.4509127e+002  7.9431414e+001
  6.2504527e+002  1.4294296e+002 -4.0660069e+001
  6.2041609e+002  1.4774043e+002 -3.1932326e+001
  6.2777413e+002  1.5056270e+002 -4.7408122e+000
  6.1113166e+002  1.4776646e+002  6.2193792e+001
  6.0246094e+002  1.3939606e+002  7.2192045e+001
  5.9974751e+002  1.3890153e+002 -6.0160390e+001
  6.0098686e+002  1.4874907e+002 -4.3231100e+001
  6.1218105e+002  1.5193807e+002  8.4381298e+000
  6.2934873e+002  1.4990486e+002  6.6785415e+001
  6.4651852e+002  1.4683804e+002 -4.1670999e+001
  6.4571903e+002  1.5240051e+002 -3.6124872e+001
  6.5894894e+002  1.5555254e+002  7.8780383e+000
  6.8623029e+002  1.5314338e+002  7.2385071e+001
  6.6560856e+002  1.4941001e+002 -4.1507263e+001
  6.6104936e+002  1.5130021e+002 -4.7816784e+001
  6.6454511e+002  1.5585913e+002  1.3199993e+001
  6.7210163e+002  1.5253938e+002  6.3372762e+001
  6.6573151e+002  1.4703041e+002 -4.7832856e+001
  6.6942414e+002  1.4901604e+002 -1.0972204e+001
  6.6918567e+002  1.4831560e+002  5.8707154e+001
  6.3701571e+002  1.4307690e+002  1.3223482e+000
  6.2886063e+002  1.4330321e+002 -5.2852261e+001
  6.2470684e+002  1.5126593e+002 -4.4153966e+001
  6.3254743e+002  1.5286930e+002  2.5209732e+001
  6.4439546e+002  1.4952401e+002  6.3008437e+001
  6.4027068e+002  1.4475049e+002 -3.3657851e+001
  6.3816621e+002  1.4726977e+002 -5.2358244e+001
  6.4607854e+002  1.5304205e+002 -1.6331909e+001
  6.5602087e+002  1.5203997e+002  1.2257199e+001
  6.5400976e+002  1.4798683e+002  7.3950727e+001
  6.4604186e+002  1.4230490e+002 -3.7814502e+001
  6.2810389e+002  1.4770969e+002 -4.8903763e+001
  6.3016595e+002  1.5326223e+002 -3.0395378e+000
  6.4223149e+002  1.5127575e+002  6.0842613e+001
  6.3832060e+002  1.4850496e+002  4.9021160e+001
  6.3042678e+002  1.4977923e+002 -4.5683599e+001
  6.3253686e+002  1.5495069e+002 -3.8984505e+001
  6.5265437e+002  1.5751995e+002 -7.9083933e+000
  6.4081283e+002  1.5596130e+002 -1.1292470e+001
  6.2699250e+002  1.5032114e+002  6.7772624e+001
  6.2517035e+002  1.4345108e+002 -1.6631336e+001
  6.1534335e+002  1.4540065e+002 -4.5016023e+001
  6.2149512e+002  1.5074911e+002 -9.8977439e+000
  6.3163591e+002  1.4880138e+002  6.3227031e+001
  6.2578262e+002  1.4384520e+002  7.5344175e+001
  6.1592549e+002  1.4149633e+002 -5.5132114e+001
  5.9604810e+002  1.4687883e+002 -4.1257299e+001
  5.9611732e+002  1.4944769e+002 -9.4282535e+000
  6.0213326e+002  1.4856518e+002  6.7075070e+001
  6.0810595e+002  1.4605583e+002 -1.7300823e+001
  6.1004534e+002  1.4877047e+002 -8.3735583e+000
  6.0595468e+002  1.5074461e+002 -1.0573258e+001
  5.9582713e+002  1.5129355e+002 -3.0570587e+001
  5.9164582e+002  1.4790020e+002  7.6292124e+001
  5.9340378e+002  1.4287990e+002 -4.8571019e+001
  5.9110394e+002  1.4657930e+002 -4.0431122e+001
  5.9874247e+002  1.5284054e+002  1.4306382e+001
  6.1033210e+002  1.5062508e+002  7.5485722e+001
  6.1189214e+002  1.4831521e+002  2.4486339e-001
  6.0942520e+002  1.5078909e+002 -5.0799595e+001
  6.2292716e+002  1.5543685e+002 -1.2054728e+001
  6.5442053e+002  1.5447421e+002  6.5928040e+001
  6.5195779e+002  1.5152359e+002 -3.1290319e+001
  6.5553485e+002  1.5035407e+002 -3.6710838e+001
  6.6715765e+002  1.5384769e+002  5.3607451e+001
  6.6884558e+002  1.4945927e+002  6.5989078e+001
  6.4660145e+002  1.4610851e+002 -5.6830322e+001
  6.4438818e+002  1.4931282e+002 -3.0363447e+001
  6.4020208e+002  1.4975754e+002  5.4938815e+001
  6.3403619e+002  1.4497642e+002 -1.3742367e+001
  6.3188021e+002  1.4502247e+002 -5.0473461e+001
  6.2573057e+002  1.5004378e+002  3.0487314e+001
  6.2957700e+002  1.4707772e+002  6.9520894e+001
  6.2742592e+002  1.4376535e+002 -1.4541666e+001
  6.1727374e+002  1.4611614e+002 -5.6654470e+001
  6.1710355e+002  1.5235901e+002 -1.8616707e+001
  6.3291506e+002  1.5165437e+002  7.4696021e+001
  6.3473462e+002  1.4627004e+002 -5.3596766e+001
  6.3056527e+002  1.4906905e+002 -2.3955889e+001
  6.3440006e+002  1.5157306e+002 -6.9499466e+000
  6.1224537e+002  1.4786825e+002  8.8313405e+001
  5.9406428e+002  1.4120244e+002 -3.9487063e+001
  5.9982650e+002  1.4675653e+002 -4.4886351e+001
  6.0354162e+002  1.5166676e+002 -1.9674570e+000
  6.1521584e+002  1.4829633e+002  6.8353150e+001
  6.1286862e+002  1.4309961e+002 -1.3806330e+001
  6.0649603e+002  1.4406095e+002 -5.1793828e+001
  6.1808747e+002  1.5058694e+002 -1.1597657e+001
  6.2766225e+002  1.4912747e+002  6.7590177e+001
  6.2523632e+002  1.4520210e+002 -3.9763478e+000
  6.2280565e+002  1.4593228e+002 -4.5428507e+001
  6.2036619e+002  1.5159025e+002  7.8576108e+000
  6.3191386e+002  1.5017641e+002  5.2758817e+001
  6.3946792e+002  1.4743343e+002 -4.0279054e+001
  6.3904095e+002  1.5016272e+002 -2.5237064e+001
  6.5463224e+002  1.5309384e+002  4.1365856e+001
  6.5626778e+002  1.5026068e+002  9.5167111e+000
  6.5395030e+002  1.4826950e+002 -5.2441581e+001
  6.5567593e+002  1.5239299e+002 -6.5882833e+000
  6.5744754e+002  1.4966803e+002  5.8758026e+001
  6.4526810e+002  1.4517007e+002 -4.9626743e+001
  6.3911730e+002  1.4535161e+002 -1.7603232e+001
  6.4098488e+002  1.4794396e+002  4.6735933e+001
  6.3887397e+002  1.4476544e+002  5.3125983e+001
  6.2078105e+002  1.4328275e+002 -5.2250431e+001
  6.1667595e+002  1.4756242e+002 -3.0553938e+001
  6.2655184e+002  1.5072958e+002  4.5162624e+001
  6.2842518e+002  1.4817951e+002  6.2928449e+001
  6.2429909e+002  1.4641897e+002 -5.4758853e+001
  6.3016669e+002  1.5057301e+002 -2.4390428e+001
  6.5003776e+002  1.5256056e+002  4.7169338e+001
  6.4794543e+002  1.4814294e+002  5.0903712e+001
  6.3788619e+002  1.4505577e+002 -4.7500083e+001
  6.3984330e+002  1.4770992e+002 -1.2899053e+001
  6.3582001e+002  1.4695981e+002  5.0320471e+001
  6.3180961e+002  1.4248218e+002  5.6337855e+001
  6.1580542e+002  1.4125058e+002 -5.3355873e+001
  6.0778076e+002  1.4597595e+002 -3.3757536e+001
  6.1372227e+002  1.4892018e+002 -9.2784695e+000
  6.1963985e+002  1.4737715e+002  7.1972125e+001
  6.1954335e+002  1.4390831e+002 -3.8757335e+001
  6.1543262e+002  1.4792988e+002 -3.6220398e+001
  6.2530080e+002  1.5175255e+002  5.3415163e+001
  6.3916435e+002  1.4951369e+002  6.3877741e+001
  6.3304637e+002  1.4806658e+002 -4.3332226e+001
  6.2293665e+002  1.4977480e+002 -4.7654421e+001
  6.3681836e+002  1.5414920e+002 -1.4526048e+001
  6.4871463e+002  1.5345207e+002  6.5242106e+001
  6.4864528e+002  1.4876925e+002 -5.0686010e+001
  6.4461021e+002  1.4655194e+002 -1.9045612e+001
  6.3260267e+002  1.4877143e+002  2.1603631e-001
